0
0
0
0
0
0
0
0
5 11
0
0
0
15
2 133 171
27 171 175
16 17 19 176
0 2
16 44
44
0 1 2 5 7 40 85 171 180
0
0
0 25
0
0
25
0
0
0
0
0
0
16 17
0
1
0
0
0
1 2 16 17 40
0
25
2 44
11 40 190 191
0
0 5
17
2
0
2
0
2
0
0
0 2
0
0
1 2 16 32 33
0
0 16
0
0
25
0 2
0
2 10
2 16 44
2
2
0 1 16 17 70 142 145
2
2
101
0
101
101
0
0
0 1 2 10 11 27 32
2
2 101
101
15 46
210
0 1 2 5 6 13 16 40 106 133
11 40 211
2 6 8
0 2
77 106 114
6 11 13 106 138
0
0
0
6 7 11 40 77 101 106 133
101
0 1 2
2 8 10
6
6
2 11
2 5 6 11 15
6 11
0 1 2 6 11
2 6 8
2 6
0 1 2
0 1 7
0 27
2 10 11
0 30
5 40 41 42
1 2 6
0 1 2 7 8 25 27
1 7
0 1 2 7 25
0
0
0 27
1 2 7 15 46
1 2 8 16 28 34 35 36 37 46 47 49 52 54
0
44
2 6 8
17 39 57 58 59 60
0 1 2 8 16 27 29 32 33 62
0 16 68
8
16 36 37 40 52
0 1 25 27
0 2 11 16 25 27 32 53 75
0
0
0 1 2 6 8 9 10 11 12 13 14 16 17 71 77 83 84 85 86
13 36 43 77 79 88 90
6 13 36 74 81 89
6 74
6 12 13 36 43 80 81 90 92
0 1 2 6 7 11 13 25 27 36 43 74 78 80 82 88 89 91 95 96
0 6 74 77 79 82 100
6 11 14 105
6 13 74 77 80
0 6 9 11 40 74 81 107
0 6 11 14 74 81
117
0 1 2 6 11 27 40 74 77 81
0 1 2 6 7 25 27 81 98
0 1 6 13 25 27 36 43 77 78 80 81 118 119 120
36 80 81 88 124 126
125
2 6 11
1 6 7 77 81
6 9 11 74 81 97 119
6 81
2 6 81
2 11 16 17 44 134 135 142 143
0
6 11 81 125
0
6 74 79 81 128 151 153
16 28
11
0
0
25 32
0 1 2 6 11 16 17
1 11
6
81 94 116 127
0 6 27 43 81 97 118
123
1 2 101
0 1 6 7
6
2
2 101
0
0
0 2
0
74 151
6 9 81
0 33 36 163
169
0
0 6 11 16 81 97
74
2
0
0
0
0
0
0
0
101
2 11
0
0
0
0
1
0
2 6 74
0
0
0
0
0
0
0 2 6 10 11 16
1 2 16 17
2 10 16 17
16
0
0
0
0
0
0 1 11 196
0
0 2
2
1
0
0
0
0
0
0
0
0
0
0 1 2 16 27
0
2 6 11 12
0 1 2 7 25 33 36 37 161 217
0 2
0
0 2
0
0
0 2
16
1 2 7
0
10
0 2
2
0
0
0
0 2 5 6 10 11 15 16 53 186
0 5 16
0 1 2 16 25 27 45 229 230 232 234 235
0 2
0
25
0 2
0
0
0 1 2 7
1 2 7
0 1 2 25 27
0 2 16 25 27
0
0 1 2
0
0 2
0
45 237
0
0
0
1 2 7 25
16 25 34 53
6 11 15 16 22 40 41 46 81 95 243 244 245 246
0
0
0
0 1 7 25 27 101
0 2
0 2
0 1 2 27
0
0 1 2
2
0
0
0 2
0
6 10 16 36 37 52 81 97
25
0
0 2 25 36 37 64 250
2
0 1 7
0 1 7
0 25
0 2 10 25
2
0 1 2 27
0 25
0
25
0 10 11 16 27
0 2 10
0 2 5 6 25
10 16
10
0
0
2 101
2 101
10 11 16 25 27 44
0
2
0
0
0 1 2
0
0
0 1 2 7
0
0
11 40
0 1 5 7
0 1 2 16 17 18 36 37 44 139 143 172
0
0
2 11 171
1 2 16
0
0 1 2 7 16 17 67
0
0 2
0
0
0
0 1 2
2
0
0
0
0
0
0
0
0 25
0
0 1 7
2
0
0
186
17
2 187 188
15
0
0
2 15 16
11
0 1 2 11 16 27 194
0
0
1
2 16
0
2
0
2
1
15
0
0 27
0
0
2
0
0
0
0 1 27
0 2
2 35 44 139
2 10 11 16 32 33
2 16
2
2 11 16 44 139 187 189 197
16 17 44
2 11 70 101 206
2
2
2
0
2 7 10 70 101 137
7
101
101
2
2
2
0
101
0
0
0
0
16 25 32 33
1
2
101
2
43 106
2 101
40
6 11 36 43 77 80 88 90 119 120
0
0
0 2
2
6 11
6
6 11
0 1 5 7 215
10
10 101
0 3
0
8
2 10
11
2 6 8 11
2 8
6 11
0 2 8
0 11
1 7
0
16
0 2
1 7
2 8
0
2
0 2 25
2 6 16 17
0 6
0
8
0 15
10 16 26 28 32 46
0 16 35 36 51
6 11 16
1 7
2 6 9 11 16 17 25 40 61 63 64
36 37 67
16 36 37 68 69 70 71
17 69 71
6 8 11
0
0
2 6
2 6 74
0 8 16 25 28
25
11
0 2 6 8 11 13 14 36 43 78 79 80
0 1 2 6 9 11 12 13 14 36 43 74 77 79 80 81 82 87 88 89
1 2 6 7 36 43 74 78 80 81 82 91 93
6 74 101
0 1 2 5 6 10 14 36 78 80 91
0 6 11 12 13 15 36 43 77 78 79 80 81 109 110 112 113 116
0
0 6
0 1 2 9 25 74 81
0 6 10 43 74 118
81
0 6 27 36 78 80 91
6 14 43 74 81
6
0 1 6 13 74 81 120 128
6 11 81 97
6 11 12 74
2 6 11 16 43 74 77 81 97
6
0 1 2
0 1 2 6 74 81
2 11 16 17
74 150
0 1 2 16 27
2 6 81
0
0
0
0
6
6 74
81 97 98
0
25
0
0 1 6 7 9
0 2 43
2 101
0
0
0
0
1 2 6 11
0
17 162
101
6 74 81 97
0
0 1 2 16
16
0
0
1 2
0
10
0
1 2 7
0
0
0
0
0
0
0
0
0
2 101
0 1 2 10 216
0
0 2
2 101
0
0 1 2 16 17 40
11
0
2
0
0
0
0 2
0
0
0
0
0
0
2
2 17
0
0
0
0
0 2 5 6 10 43
0 2 20
0
2 16 44
11
0
0
0
0
0
2 146
0 2
0
0 210
0
0 1 2 101
0 1 2 27 118
0
1 2 10 16 32 33 36 37 44 47 101 208
0 2
0 25
0
0
0
0 2
0
6 12 13 77
6
6 16 44 47
0 2
0 1 2 10 11 32 223
2 10 11
2 101
0
2
0 1 2 15 46 224 225
11
0 1 2 10
0 1 2 7 25
16 32 34 47
0
0 1 2 11 16 25 27
0
0 2
0 2 16 17 45 70 147 229 230 233
0
0
0 2
0
0
0
0 2
0 1 7
0
0
0
0 1 10 16 101
0
0
0
1 7
0
0
0 1 2
0
25
0
0 2
147 236 238 239
0 2
1 7
1 2 7 241 242
2 10 11 15 16 26 40 113
0 25 27 118
0
0 25
0
0
0 2
0
0 2 25
2
0 1 2 11 15 16 27 36 37 64 249 251
1 11 16 63 64
0
2
0 1 2 7 25
0
0
0 2 25
0 2
0 1 2 16 25 32
10
0 1 2 16 32 33 254
0 1 2 5 7 10 11 16 25
0
10 16 52 53 54 250 255
15
10 101
0
0 1 7 10 101
0
0
0
0
0
25
11 16 17 256 257
0
0
0 10 25
16
0 1 2 16 25 27
0
0
0
2
25
10
16
44 134 139
0 1 2 5 11 171
0
0
0 1 2 16 17
11 16 17 18 19 44 139 181
2
0
0
0
0
2 16 17
2
0
0
0
0
0
0
0
0
0
0
0
175
0
0
0
0
0
0 183
1
0
0
0 11 15 26 184
0
40
16 18
2
0
0
1
11 15
0 2
2 101
0
0
0
0 2 17
0
0 2
0
25
0
0
0
0 2 5 101
0
0
16
16 44
2 11 40 200 201
2 10 17 67
10 11 16 17 32 208
101
101
101
101
0 1 7 25
0 7
101
2 101
2 101
2 101
101
101
101
0
0
1 2 16
0
101
0
0 101
2
40
6 11 40 209
2 101
0 2
2
209
6 11 16 74 212
0 1 2 6 74 81
0
8 10 11 15 16 46
8 11 16 44 47 146
7
40 209
6 11 77 114
0 4 5
0
0 1 2 5 6 7
2 5 6 9
6 9 11 12 13 14
6
2 11
2 6 8 11
2 8 10 16 17 18 19 20
6
2 6 8 11 21 22 23 24
0
0 2 11
8
2
25
29
0 2
0 1 2 8 16 30 31
1 6
0 1 2 6 9 10 11 14 16 17 30 43
0
2 6 13 43
0
0
0
6 25
0 11
15 46
16 29 34 55
8
0
0
6 16 17 36 37 49 61 65
16 65 66
6
0 27
0
6
0 1 2 27
1 2
0 1 2 6 8 11 12 14 27 43 77 81 82
6 13 14 36 80 88 89
11 36 78 80 91
14
1 2 6 81 94
13
0 1 2 5 6 7 11 74 77 81 82 91 93 94
10 101
1 2 6 7 9 11 12 25 27 36 40 74 77 78 80 81 91 93 107 111 115
6 11 13 74 77
6 36 74 80 81 88 89
6
6 14 25 27 81
0 1 2 6 36 43 78 80 81 88 91 122
12 81
0 2 6 11 43 74 81 123 124 127
0 6 81
0 1 2 6 11 36 74 80 81 90 92
2 6 14 36 74 78 80 81 89 97
6 10
44 133 134 135 136
0 1 2 5 6 13 14 16 36 37 40 44 70 105 133 135 139 140 141 142 144 145
6 12 14 81 152
6 9 14
0
0
11 16
0
2 16 154
0
0
14
6
0
0
81
0 125
6 14 81
0
77
7
0 16 25 27 36 37 44 53 156 157 158 159
0 1
2
0
0
1
0
0 2 6 10 11 16 28
0
0
0 1 2
0 2 10 11 25 27 42 164 167
0
0
0
0
0
0
0
0
0
0
0 1 2 11
0
0
25
0
0 1 2
0 11
1 2 17 44 170
36 37 172 173 174
0
0
0
1 2 16 17
0 1 2 5 40 44 85 179
16
2
0
0
0
0
2 11 16 17 18 44 139
0
2 11 15 16 17 26 40 182
0
0
0
0
0
0
0
0
40
0
0 7
0
0
0
0 5 15 26 185
0
0
1
0 11 16 189 192 193
0 1 7 25 27 118
2
2 16
16
0
0
2 11 16 44 101 195
0
0 2
0
16
0 25
0
0
0
0
0
0 1 2 11 16 17
2 16 17 19 39 101
2
72 73
53
0
11 15 26 113 187 188 189 191 192 198 199 202 203 204 205
2
0 1 2 101
1 2 7 16 101
0 1 2 101
2 101
101
2 101
10
1 2
0
17
2
2
0
1 2 11
101
2 11 133
0
2 6 13 106 138 176
0
101
6 11
6 11 13 36 74 77 80 88 89 114 120
6 11 74
0
0 2
16 17 44 195
0 1 2 11 16 25 27 44 47
0 1 2 6 214
2 6 10 77 114
6 11
0
9 106
1
0 1 9
0 1 2 10
2 8
2 6 8 10 15
2 6 8 15
2 8
2 8
0 6 8
0 25
2 6 8 15 26
0
1 2 28
25
0 2 6 11
34 35 36
0 2 5 6 11 16 17 32 39 43 44
0
0
0
0
45
0
2 6 8 11
1 2
0 1 7
2 15 16 34 35 36 37 39 46
16 32 34
0 1 25 27
2
0
6 17 29
1 2 6 8 16 44 72 73
0
0 1 2 6 8 11
0 25 27
0 2 6 8 14 25 43
0 1 25 27 77
0 6 9 12 74 81 82
6 9 11 13 36 43 80 81 88 89 90
36 80 90
1 6 7 13 14 43 77 81 94
0 1 2 6 9 11 14 27 36 40 43 74 77 78 80 81 89 91 97 99 106 107 108 109 114
2 6 11 14 74 81
0 25 81
0 2 6 14 36 80 81 119 120
2 43 81
81 82 94 97 123
0 1 2 6 7 11 36 74 88 125
2
1 2 6 98
6 13 74 81
6 11 16 17 40 43 70 132 135 137
6
0
0
146 148
0
0 1 81 91 97 123
74 81
0
0
6 9 12
0
6 13 81
0
0 1 2 6 81
6 9
10
6 14 74
0 1 2
0 1 2 16 36 44 156 157
0
146 160
2 101
0
0
0
0
0 5
0
81
6 11
2
2 6 10 11 86 165 166
168
10
0
0
0
0
0
0
7
0
0
0
0 1 2 16 17
0
1 7
16 44 133 134 171
0 5 25
11 171 175 176 177
0
0
16 17 44 139 174 178
40 133
17 18 19
0
0
0 17 18 44 139
0
0
0
0
0
0
0
0
0
0
0
2
0
0
0
1 2
0 5 40
1 40
0 2
25
0
0 2
122
0 1 7
0
0
1 2
17 19
2
2
2
0 1 7
0
0 2
2
0 2
25
0 1 2 7 25 27
0 2
2 10 16 196
0
0
0
0
0
0
0
2
0 2
0 2
2 16
2 10 70 142 144 207
0 2 15
2
0 1 2 27
1 7
101
0 1 7 25 27
0 1 2 7 25 27 118
2 16 17
101
2 101
101
0
0 1 2
101
0
0
0
0
0 1 2
2 101
101
2 6
40 209
1 7
0 1 25 27
2 10 16
0 2
101
0 2
0 213
8
10 101
0 10 101
2 6
2
11
6 8
2 6 8
2 6
0 1 2 6
2 6 8 16
0
16
2 16
0
0 25 27
11 16 32 33 34
0 1 2 5 6 9 16 17 37 38 39
0
0
0
2
6
0
0
0
0 2 7
1 2 8
0 25 27
0 1 2
0 25 27
0 1 2 6 8 10 15 25 27 46
6 10 11 16 35 36 37 48 50 51 53
0
0 1 7
16 17 56
8 10 16 17
0
25 51
1 2 8
2
0 1 2 27
0 1 2 25 27
6 8
0 1 2 5 6 8 9 11 12 13 15 16 17 25 26 43 52 74 76 77 81 82
2 6 14 36 74 80 81 88 89
0 1 2 6 14 25 27 36 80 82 88 89 92 93
6
0 1 2 6 10 11 12 13 14 25 36 74 78 79 80 81 82 85 91 94 98 99 102 103 104
0 1 2 5 6 7 9 10 11 12 14 36 40 74 77 78 80 81 91 97 101 106
6 11 74 117
14 81 98
6 11
0 6 11 81 117
6 14
0 6 11 13 27 74 81 121
6 11 36 80 81 88 89
1 6 11 77 80 81 85 89 124
0 1 6 81 98
13
7
2 6 11 74 77
6 36 74 80 81 90 92
81 109 123 129 130 131
6 11 16 17 74 81
0 6 13 40 44 133 134 138
0
2 11 16 17
77
1 2 6 74 128 147 149
0 25
2 6 9 11
2 11 16 44
1 2 6 9
0 1 2 27
2 6 11 74 81
0 2 6 77
0 1 2 81 121
2 6 74 81
9 106 155
0 1 2 6 9 81 97
1 2
81 91 123
6
1 2
0
0
161
101
2 16 17
0 25 27
0
0 1 2 25 27
1 2
0 25
0
9
16 32 86
113
77
0
0
0
0 1
0 2
0
0 2 101
0
2
127
2 10
0
0
0
2
0
0 2
0
0 1 7
0 1 2 10 11 16 25 27 101
0
0
0
0 1 2 25 27
0 2
0
0 1 2 10 16
0
0
0
0
0
0
0 1 7 11 25 27 215
0 2
0
0 2
0
2 16 17
0
0
0
0
0 1 7 17 25
0 210
1 2
10
0
16 32 33 36 37
0 2 25
0 2
0 1 2 5 6 10 16 17 33 218 219 220 221
0
0 1 2 27 222
0
0
0
0
25
0
0 1 2 6 9 43
0
0 1 2
0 1 2 7
0 1 25 27
0
15 25 27 226 227
0
0 1 2 10 11 16 27 32 34 44 63 72 73 228
101
0
0 2
1 2
0 1 2 10 11 16 17 45 51 101 142 147 231 235
0
0
0 2 7 25
16 32
10
0
0
0
0 10
0
0 2
236 237 240
0
0
0 1 7
0 1 2 6 10 11 16 25 27 81 118
11 15 16 40 42 95 96 246 247
0
0 1 2
2 16 17 44
10
0
0 25
0 2 25
0 2 6 10 11 16 25 63 64 74 189 248 250
16
0
0 2 10 16 27 36 63 64 118 252 253
0 2
0 25
0
0
0 1 2 7 27
0
0
0
0 10 25
0
0
0
0
0
2
0
2 33
0
0
2 11 15 26 113
11
0 16
10
0 1 2 7 25 27
0
0
0
0 1 2 25 27 101
0 1 2
256
